# Gummi eat positions — every advance count (since quicksave) at which eating
# a gummi lands on Attack or an omniboost. Let's go together, seed a61564cd.
# Generated by: python tools/gummi_positions.py --stat 0 --count 1000
12
18
35
41
43
46
76
116
129
143
168
195
196
197
199
205
223
230
237
239
241
244
251
257
306
311
321
327
357
376
378
406
416
431
433
435
448
456
465
481
483
485
491
492
493
502
504
509
531
533
536
538
543
566
572
580
595
597
624
629
635
637
649
665
667
720
722
739
741
746
763
770
773
784
791
800
802
813
816
841
863
870
883
891
898
899
900
905
920
945
947
949
988
998
1019
1039
1051
1053
1101
1146
1147
1148
1185
1201
1215
1217
1292
1304
1320
1322
1343
1345
1352
1398
1406
1414
1426
1427
1429
1451
1461
1481
1504
1523
1525
1526
1560
1577
1579
1614
1615
1641
1725
1752
1760
1781
1799
1810
1812
1815
1826
1846
1848
1861
1863
1865
1917
1926
1928
1930
1944
1953
1954
1982
1984
1986
2002
2034
2044
2046
2059
2066
2121
2135
2150
2152
2153
2155
2160
2168
2170
2172
2174
2200
2202
2208
2222
2229
2231
2246
2303
2308
2336
2383
2385
2391
2392
2404
2427
2429
2445
2458
2461
2463
2486
2491
2493
2507
2535
2541
2544
2552
2562
2578
2580
2582
2585
2633
2649
2659
2664
2669
2698
2701
2705
2710
2718
2729
2732
2834
2848
2854
2856
2865
2880
2917
2919
2927
2930
2945
2947
3018
3033
3035
3055
3075
3098
3115
3120
3148
3174
3183
3225
3239
3249
3251
3266
3271
3273
3306
3325
3389
3401
3438
3440
3470
3500
3519
3520
3526
3534
3543
3545
3547
3556
3571
3577
3633
3636
3667
3721
3744
3746
3765
3804
3825
3838
3856
3861
3879
3882
3928
3944
3950
4038
4043
4068
4070
4116
4130
4143
4167
4168
4174
4184
4216
4218
4225
4253
4265
4268
4278
4338
4357
4359
4365
4398
4399
4419
4479
4481
4498
4501
4503
4508
4516
4528
4535
4590
4596
4598
4600
4617
4619
4642
4671
4673
4692
4706
4719
4736
4758
4785
4791
4797
4803
4813
4829
4842
4899
4966
4983
4999
5012
5053
5061
5063
5106
5108
5110
5176
5183
5185
5187
5194
5205
5207
5212
5213
5222
5225
5250
5274
5296
5330
5340
5342
5392
5393
5395
5421
5498
5500
5502
5508
5512
5552
5560
5591
5604
5613
5615
5628
5631
5649
5655
5657
5692
5698
5700
5724
5727
5729
5735
5762
5785
5798
5800
5802
5808
5823
5825
5827
5869
5871
5873
5885
5927
5929
5935
5937
5981
5983
5999
6010
6027
6045
6053
6055
6063
6082
6098
6122
6174
6201
6213
6224
6244
6246
6249
6251
6262
6286
6304
6319
6326
6350
6380
6382
6390
6412
6414
6415
6416
6417
6418
6420
6453
6507
6524
6550
6552
6586
6624
6639
6654
6656
6677
6679
6705
6710
6727
6729
6738
6741
6755
6757
6777
6787
6789
6822
6825
6827
6846
6869
6890
6907
6924
6925
6962
6971
6974
7011
7056
7066
7068
7073
7074
7086
7096
7103
7105
7107
7136
7139
7197
7201
7239
7244
7252
7254
7259
7261
7263
7292
7298
7310
7317
7341
7343
7351
7412
7415
7418
7423
7442
7444
7449
7451
7516
7544
7546
7548
7558
7584
7600
7601
7603
7618
7620
7646
7649
7651
7664
7666
7678
7685
7735
7752
7770
7820
7822
7829
7874
7887
7894
7904
7917
7940
7953
7955
7961
7985
7987
7989
7990
7992
7994
8008
8010
8016
8018
8030
8040
8069
8095
8108
8109
8111
8135
8158
8178
8184
8212
8217
8222
8226
8297
8327
8337
8345
8347
8364
8377
8385
8387
8433
8438
8472
8480
8539
8541
8543
8550
8552
8599
8601
8604
8625
8658
8679
8710
8792
8810
8812
8814
8828
8847
8849
8852
8863
8880
8907
8917
8931
8956
8958
8960
8961
8963
8965
8967
8975
8976
8978
9010
9012
9021
9034
9041
9057
9062
9065
9067
9091
9093
9098
9100
9102
9114
9143
9147
9169
9184
9213
9239
9259
9261
9277
9279
9281
9288
9303
9305
9307
9317
9324
9325
9346
9352
9355
9358
9401
9437
9456
9458
9464
9491
9508
9517
9522
9543
9553
9590
9637
9640
9642
9650
9666
9698
9705
9706
9714
9776
9782
9801
9830
9838
9841
9848
9897
9899
9905
9924
9974
10004
10012
10031
10041
10047
10049
10055
10057
10065
10067
10069
10075
10077
10122
10125
10137
10144
10166
10174
10181
10184
10206
10220
10223
10236
10238
10247
10254
10273
10301
10315
10325
10339
10341
10343
10352
10354
10384
10391
10393
10400
10411
10421
10435
10437
10452
10455
10457
10487
10506
10520
10522
10540
10550
10552
10554
10563
10568
10576
10620
10643
10648
10666
10727
10751
10753
10756
10763
10773
10775
10806
10836
10842
10870
10872
10875
10887
10889
10891
10899
10932
10934
10936
10938
10968
10988
10990
11003
11005
11027
11042
11052
11054
11076
11093
11126
11138
11140
11155
11157
11159
11172
11174
11188
11190
11202
11204
11217
11226
11228
11243
11245
11255
11293
11301
11333
11336
11338
11340
11341
11343
11345
11370
11372
11374
11381
11385
11399
11401
11403
11420
11425
11427
11430
11432
11441
11465
11482
11512
11521
11526
11527
11535
11572
11578
11580
11586
11587
11589
11595
11598
11600
11615
11617
11628
11650
11653
11655
11667
11669
11671
11673
11685
11688
11702
11703
11716
11718
11727
11732
11735
11747
11749
11751
11838
11860
11861
11867
11878
11888
11901
11911
11919
11932
11941
12012
12022
12035
12043
12051
12053
12080
12093
12121
12126
12151
12173
12175
12178
12180
12205
12207
12266
12269
12284
12292
12327
12330
12332
12340
12380
12384
12402
12404
12420
12424
12426
12428
12451
12460
12470
12485
12487
12493
12531
12556
12563
12572
12589
12596
12602
12607
12614
12636
12638
12647
12655
12658
12674
12685
12693
12743
12752
12777
12779
12781
12807
12810
12831
12845
12892
12897
12925
12934
12939
12953
12955
12969
12978
12980
12993
12999
13001
13017
13019
13022
13029
13031
13034
13042
13060
13079
13087
13101
13106
13115
13128
13130
13146
13152
13160
13162
13179
13181
13183
13186
13205
13211
13251
13254
13277
13279
13283
13286
13299
13323
13359
13361
13392
13393
13395
13490
13492
13494
13509
